0
1360 0436 1599 0864 2175 1075 0746 0291 0701 1684 2397 1698 2123 0764 1407 1316 1307 2245 1268 1412 0909 0215 2030 1994 1261 0236 0453 0393 1224 0217 1259 1639 1499 1704 1215 1069 2093 2206 1750 1260 0446 0264 0666 0825 1217 1878 2158 1607 0325 1882
1188 0653 2094 2413 1908 1161 1733 0960 1738 1143 0434 0061 1954 0444 1912 0999 0795 1841 0054 2263 0222 2035 2083 0423 2304 2225 1775 1035 1593 0769 0047 1559 1564 2395 0758 1736 2308 1811 0391 0567 1586 0608 2349 1167 1317 1590 1995 0346 2360 1752
0555 0699 1758 2144 2495 1147 0986 0671 0147 2258 1337 1671 0596 1025 1486 2037 1827 2470 1825 0670 1709 1589 2477 0508 0814 1977 1572 1108 1284 0744 0329 1983 0560 2069 2393 2173 2328 0619 0053 0710 0287 0259 0208 0263 1553 0948 2288 1310 0063 0870
0514 2100 1869 1717 2145 0547 0459 0059 1229 1155 0355 1272 1903 1190 0747 0187 0778 2325 2051 1516 0970 2184 0451 0280 1743 0568 1367 0455 0120 1160 1807 2228 2345 0378 0756 0405 0511 0654 1594 0078 1378 1658 1679 1489 0143 1129 0279 2428 2018 1347
2082 1149 0624 1291 1384 1715 2042 2229 2430 2052 0824 0863 0964 2182 1577 2373 1793 1895 0931 1084 1789 1636 1611 1165 1357 0706 0189 0753 0900 2195 2326 1608 1170 2257 0768 1797 0570 0748 2032 0723 0996 1262 2350 1213 1996 1931 2412 1034 0211 0800
1266 1568 1877 2200 0507 1131 1325 0833 1700 0925 1883 1275 0256 0938 2066 2450 2441 2444 1278 0857 1058 1290 0343 1549 0562 1540 1703 1998 0871 2177 0638 0852 1909 1791 0489 1761 2045 0190 1194 0374 0086 0220 1556 2281 0669 0245 1426 0820 0882 1289
1603 1380 1498 0315 0166 1707 1805 1596 1256 0432 1222 1885 1462 1112 2411 1506 0733 2010 0165 1377 1948 0435 1459 2439 0856 1633 1835 0229 2330 0261 0118 2497 0565 1267 0583 0832 0517 2250 0361 1523 1164 2060 2099 1361 2088 2095 0854 2202 1376 0406
1469 0062 0057 0404 1228 2058 2302 2065 1567 2084 1238 2341 0602 2457 1351 1487 0012 1627 1950 1609 0892 0497 0392 2307 1114 1123 1277 2055 1044 0660 1521 2241 1853 0750 1169 1552 0354 2458 1419 0794 0389 1387 1788 0906 2194 1022 0982 2159 2141 0673
1364 1134 2220 1867 0334 1473 0780 1163 0905 1285 1133 1179 1183 0100 0110 2167 1251 2238 1056 0094 1083 0676 2467 1096 0893 1798 1304 0749 0813 1820 0958 0164 2183 1993 0831 1488 2279 0188 0018 2359 0847 1801 2420 1270 1838 2466 0321 2266 1777 0004
0509 0657 1723 1445 1122 0060 1570 2242 0907 1988 0303 0093 2398 1956 1584 1581 0589 0148 2109 2234 2235 1647 1045 0083 2289 2267 1436 0957 1624 1425 0237 2103 1638 2207 0797 0920 1656 1481 0333 1849 2423 0791 1753 0711 0684 1675 0368 0224 2312 2295
2487 1061 2471 0659 0603 1924 1494 1555 1464 0099 1218 2050 2463 1918 0802 0238 1754 1117 1396 2153 2483 0079 1663 0212 2118 1452 0910 0197 2193 0865 0209 0506 0969 1557 1359 1620 1250 1016 1175 2129 0044 2315 0255 2151 0410 0129 0386 2216 1214 1784
0430 1071 0762 1185 2455 1189 0898 0569 0582 0207 1389 0894 1768 1508 0955 1951 0075 1416 2404 0566 1033 0349 1828 2054 0026 0735 1091 1176 2344 2303 2226 0586 0949 0490 0375 1443 0433 1399 2156 0876 0286 1822 0633 0806 0836 2356 2139 2012 1847 1731
0708 0407 0045 0891 2062 0170 1772 1626 1483 2448 1757 2031 1368 0121 1093 0972 1395 1336 0967 1816 2296 1371 1078 2429 1104 2120 0070 0590 1087 2218 0040 0839 0772 0067 0032 2223 0648 0467 0101 0716 2189 0616 0810 0014 1573 2496 0162 1184 1477 2436
0402 1960 2085 2402 2462 0634 1300 2230 0201 0206 0260 1411 0341 1748 0945 2435 1435 2494 2403 2138 2213 0809 2493 1402 1466 2097 0372 1630 1808 2433 0722 0542 2152 1913 0016 0784 1865 1558 0683 1279 1449 1201 0174 0102 1386 2284 1142 1343 1398 0466
0912 2283 0880 2004 1765 2313 1588 1010 0175 0477 0156 1375 0468 1732 1972 1943 0076 1281 0844 1255 1453 0400 1764 1670 2119 1100 0126 1192 2127 0934 1945 1888 2027 2300 2176 1470 1421 0104 2041 2294 2007 1490 0064 2253 0731 2286 0686 0689 2246 2322
0007 0700 1220 1392 1036 1967 0001 0019 0914 2254 2306 1040 0390 0160 1595 1257 2469 0613 1066 1294 1243 0330 0840 0373 1352 0575 2171 0278 0344 1935 1254 1315 1941 0462 2008 1431 2092 1180 0470 0109 0270 2321 0009 1916 2358 2319 2135 0023 1090 0051
0010 0579 2166 2104 1461 0604 0339 1349 1862 0132 2079 1681 1227 0298 2131 2150 2110 0777 2491 0553 0377 1209 2179 1898 1774 1971 2452 0923 2443 1479 0309 0779 0600 0027 0572 0265 0538 2057 1232 2385 0193 1318 0682 0480 0136 1640 0853 1525 0154 1526
0369 0015 1086 0347 0858 2432 1089 2192 2073 1424 1414 0210 2366 0873 0842 1884 2115 0532 0138 0533 1661 0505 0133 1911 0837 1157 2142 2460 2377 0225 1601 2297 2211 0465 0421 1513 1813 1622 2089 0760 1702 1264 0595 0424 0630 0184 0003 1082 1130 2305
1366 0757 0503 1485 0786 1890 1938 1674 1001 1604 0664 1669 2440 2379 1974 2053 1391 0781 0956 0890 2391 0491 1859 0123 2260 1756 0520 0528 0030 1527 1397 2399 1182 0963 0752 1688 0073 0577 2309 0578 1019 2259 2002 1092 0058 0095 0819 2148 1810 0397
0365 0029 1400 2486 1809 0822 2214 0157 0146 0448 0429 2106 2376 1319 2047 0172 1448 2293 1690 0241 2078 0851 1051 1206 1759 1030 1174 2023 2272 1379 2000 0886 0495 1854 0282 0163 2086 2378 1439 0221 1833 1241 1113 2056 1442 0140 0155 1952 1742 0860
0021 1710 1683 1296 1781 0930 1632 1641 1944 1308 1886 0704 0427 1648 2017 0690 0235 1697 1668 1346 1081 0248 0908 0636 2388 0274 2446 1003 2137 0535 0522 0573 1476 1984 0607 0658 1637 0994 1305 0599 0977 0959 1492 2310 0041 2256 0976 0563 1148 0457
1074 1721 0177 0384 1762 0989 0843 1166 0219 1779 0515 0626 2070 1933 2021 1500 0350 0266 2301 0253 0691 2090 2001 2418 2337 0576 0826 2221 0615 0414 0411 0085 0284 1280 0721 0678 1240 1597 1013 2114 1904 0546 1207 1390 0998 1297 0420 1970 0254 1905
2122 0739 1252 0901 0008 0359 1986 1429 2074 1691 1136 1929 0785 2013 1385 0845 1102 1162 1324 0273 1804 1845 1814 1560 1538 0313 0202 2369 1760 1502 1787 1413 2465 0382 1072 0416 1928 0646 1118 0431 1860 1077 1467 0849 1244 0131 1242 2044 1711 1332
0755 0068 1550 0933 1654 1900 1338 2262 1937 0200 1936 0650 1172 1511 2323 2168 2335 1247 1226 2355 1734 2239 1866 1491 1144 0672 0536 0696 0984 1705 1293 0056 2353 1345 1696 1625 1727 1105 2247 1547 0943 1692 1354 0888 0926 0729 0312 1276 1602 2038
0834 2370 0478 1796 0387 2484 2033 1528 2318 1917 2427 0438 0243 1265 0692 1503 1856 0082 1834 0588 0020 1985 0024 0499 1434 0158 1223 1677 1138 1450 2406 1812 0652 0639 0353 1303 1894 2081 0621 0080 1861 1067 0152 1776 1716 0195 0557 0718 1892 1735
0011 0380 2422 0098 0412 0978 1873 1474 0601 1571 0874 2186 2474 1616 2121 2278 1680 0510 0754 2361 1023 2485 2125 1339 0714 1299 1819 0869 0895 1472 0385 1925 1975 1456 1740 0408 0484 2473 2161 0921 0584 1794 0071 0036 2389 0311 1362 0473 1406 2198
2170 2384 1181 0500 1979 2022 1817 1976 2154 0677 1014 1535 0002 0561 1009 0928 2113 1565 0868 1475 1032 1541 0419 1992 1848 0649 2024 0709 1824 0326 1631 2164 0469 1747 0530 0281 2346 0896 2342 0655 0328 0269 1719 0537 0418 0862 2481 1612 1902 1171
0883 1306 0456 2291 0159 1645 1158 1687 0719 0323 0167 0665 1561 1225 0149 1519 0545 0234 1673 2201 1922 1546 1831 0625 1137 0771 1592 1271 2136 2196 1965 1962 0139 0005 1210 0271 0902 0725 0662 0454 0741 0767 2374 1907 0981 2015 1932 1799 0288 2140
2191 0471 0911 0413 0034 1548 1628 1826 0944 0611 0125 1659 0866 2472 1693 0228 1478 1301 2425 1832 2096 0717 1522 1140 0285 1815 2101 1107 2071 1739 0081 1587 1744 1961 2162 1344 2327 1245 0798 2417 0793 0426 0345 2410 0171 0239 0025 1193 1496 0066
1128 1605 0878 1780 1017 1015 0879 0884 0052 1186 1007 2117 0318 1373 0742 0307 1404 0651 1969 0965 0105 1353 1440 0240 0249 1770 1298 0821 0990 2273 0463 2003 0396 0452 1706 2476 2068 0087 0092 0205 2043 2275 0289 2394 1109 1830 0179 1211 1451 1881
2252 1437 2317 0942 0292 0815 1529 0258 0789 0606 0006 2271 0763 0000 1940 0277 2338 2343 1926 1374 0587 2219 1064 1987 0272 0973 0022 0230 0180 2336 1208 1322 2040 1655 0055 1043 1629 1850 2185 1840 0817 0937 1536 0525 0300 0947 2016 0117 1846 1978
0612 1665 0114 2067 0783 0183 1947 1273 0830 1569 1544 0294 1857 2396 0554 1783 0169 1980 1915 0135 2285 1726 0262 2414 1103 0571 1512 0072 0823 1132 2174 0295 1685 1899 1239 1874 2468 0042 1906 2270 2264 1427 0811 0953 0474 0305 1198 2048 1695 1465
1537 1348 0320 0922 1562 1177 1773 2064 1116 0992 1868 1221 0642 1341 1323 2102 0551 2405 0715 0765 1949 1326 1579 0620 0257 2236 2447 2333 0897 1664 0371 1021 2442 0549 0445 0759 1150 1923 1725 0712 2199 1583 1422 0319 1125 1355 1973 0580 1287 1876
0097 0591 2134 0556 0415 1026 0997 2400 0979 1151 1563 1510 2280 0227 2237 0541 2454 1235 1202 1410 0745 2492 0498 2077 1782 2314 0743 0540 1919 1031 0106 1806 2449 0637 1991 0641 0096 1068 0153 1199 0301 0439 0861 1320 1598 2424 0358 0337 2419 2488
0524 1566 2232 1795 0702 0037 1615 2299 2105 1249 0268 0667 1370 1786 0336 1154 2251 1790 1530 2011 2490 1381 1930 1248 1153 1311 2287 1771 2005 0119 0324 0348 0487 1204 0394 1497 0850 1121 0113 0464 0732 1763 0776 0592 0199 0730 2387 0247 1606 0458
1910 0932 0674 2072 0482 2075 2351 2392 0496 1746 2269 0877 1575 1063 0364 2227 2026 1800 2290 2169 2265 2049 1934 1283 1027 1372 1295 1286 1480 0031 0362 0331 2464 2499 0516 0975 0409 0403 1518 2009 2298 1964 1889 1982 2480 0088 0383 1455 1327 2204
0935 1686 1146 1187 1543 0050 0128 1342 0581 0084 0251 2126 0564 1106 1098 0738 0178 0991 0310 0855 0046 1893 2231 1383 0539 1095 1957 2190 2130 2163 0727 2340 0428 2434 0889 2116 1672 0077 1981 1430 0827 2498 0048 1302 0299 0338 0142 0124 0112 1447
1309 0449 1914 2133 0773 0643 1115 2282 2165 1682 1000 0614 2451 1070 2426 0242 1660 2188 1613 1012 1246 0703 1126 1722 0904 2178 0679 1060 1124 0521 1818 1168 0527 0687 1653 2036 2059 0647 2076 1724 0492 1751 1432 2244 0724 2383 2324 1802 1282 1011
2046 1749 1676 0443 1080 1029 0038 1843 1079 1127 0917 2415 2146 0605 0707 1463 0983 0440 2180 0940 0952 2311 1514 1953 2276 0481 0340 1482 1942 1533 0276 0141 0252 2357 1053 1042 1004 0302 1712 2347 1073 0033 0598 0919 1507 2034 1233 1329 0594 1468
2380 0805 1778 1803 0635 1600 1041 1173 0736 1408 0803 0534 0304 1644 1872 2087 1237 0993 2014 1050 2362 1178 0422 1968 0437 1139 1145 2124 0550 2108 1920 1094 1821 0846 0283 2409 2479 0297 2112 2456 1649 2261 0332 0995 0290 0447 0191 0186 1484 1350
1135 0881 0013 2274 0988 1701 1745 2431 0176 0130 1057 2382 1428 1524 1646 0913 1493 0398 1875 2209 1651 0513 1141 0103 0226 0617 2461 2438 2381 0680 0512 0695 1505 1879 1038 1321 1863 0954 0774 0916 1578 0816 1415 0049 0951 0308 1958 1699 1334 0476
0609 1545 2224 1531 0829 0544 0974 2098 2217 1662 2334 1002 0151 1614 0485 1191 1471 0502 1501 0790 0610 0232 0376 1714 1792 2205 2354 1219 1713 2407 0137 2132 0924 0065 0450 1539 0531 1642 0872 1901 1258 2416 1842 1457 1990 0828 2147 0357 2277 0425
1576 0693 2107 0694 0043 0296 1388 0804 0775 1999 2365 1997 2197 1203 1939 2482 0523 0645 0116 0111 0808 1836 0214 0720 1785 0090 1741 0275 0751 2352 0585 2445 2143 2371 0841 2128 2248 1643 0782 0091 0663 0640 1718 1621 1657 0838 2375 0246 2421 1330
1333 1454 2332 1417 0737 1855 0233 0593 1028 1504 0987 0107 0441 0875 1313 1335 1534 1634 1844 1509 0968 0946 0885 2408 1088 1989 1156 2329 1418 0182 1851 0980 0192 1234 0761 0173 0668 0381 1152 0039 0244 0558 0035 0213 0479 1515 2489 1619 0168 2401
0122 2363 1766 1871 0352 1312 1101 0622 0293 1200 0356 0915 1551 1340 1520 0801 1005 0314 0688 0812 2437 0548 0504 1369 0306 2157 0317 0518 1401 1829 1423 2028 0395 1253 1458 1420 1358 0766 1331 0656 0363 1274 1755 0204 2364 0985 0705 0628 0335 2019
0231 0483 0417 1048 1085 1433 1110 0472 0185 0028 1591 2453 0198 0697 0559 2386 0399 1650 1230 1393 1517 0526 2268 1495 1409 0519 1356 0950 0134 1196 0388 1018 0971 1328 0161 0899 0792 2348 1269 1263 0370 1966 1020 0867 0074 1006 1955 1099 1858 2240
0685 1652 1403 0351 0150 2367 0681 0631 1689 1059 0203 2339 1891 0360 2320 2203 0488 0493 1580 0144 2063 1405 1231 1585 0218 0442 0543 2222 0818 1720 0796 2249 2006 1730 2459 1963 0327 1617 0927 0475 0461 0401 0627 2208 0740 0597 2029 1946 1460 2372
1195 1444 0574 1708 0807 2181 0770 1678 0194 0936 1837 0962 1852 1959 0728 1667 0501 1635 0734 1205 2025 2368 0726 1049 0929 1216 0939 1046 0486 0698 1159 0961 1314 2331 0017 2233 1052 1236 1292 2255 1055 2475 0108 1212 0918 1120 2039 0787 0661 0644
0342 0494 1729 0529 1864 2316 2155 1574 1111 1666 1532 1767 1441 0181 0713 0788 1870 2390 1008 1618 2187 1363 2292 0089 0460 0835 1769 1839 2243 1623 1119 0623 1047 0848 2172 1896 2478 2210 0903 2160 2215 0316 0966 0127 0196 1887 1694 0216 0552 1438
1737 2061 0367 1097 1897 0632 1039 1024 1037 1582 0366 0069 0887 0223 2212 0250 1054 1065 1365 2111 0267 2091 1542 1728 1394 1288 0675 0618 0799 1446 2080 1921 1554 0322 1610 1382 0145 0859 1823 0629 1062 2020 1927 2149 1076 0379 1197 0941 1880 0115